0010001110001010000000000000000000000000000000000000000000000000
0010001110001100000000000000000000000000000000000000000000000101
0010001110000010000000000000000000000000000000000000000001000000
0010001110000010000000000000000000000000000000000000000000000001
0110000100001010000000001010000000000000000000000000000000000000
0110010100001010001100000000000000000000000000000000000000000000
0110000000001110010000010010000000000000000000000000000000000000
0010010000010010000010000000000000000000000000000000000000000000
0110000000001010000010001010000000000000000000000000000000000000
0001000000000000000000000000000000000000000000000000000000000101
