0110000000001010000000000000000000000000000000000000000000000101
0110000000001110000000000000000000000000000000000000000000110010
0110000000010000000000000000000000000000000000000000000000011001
0110000000010010000000000000000000000000000000000000000001001011
0110000000010100000000000000000000000000000000000000000001100100
0110000000010110000000000000000000000000000000000000000001111101
0110000000010110000000000000000000000000000000000000000010010110
1000010100010100000000001010001010000000000000000000000000000000
1000010100010110001100001010001010010000000000000000000000000000
1000000000001110001010000000010000001010000000000000000000000000
0110000000001110001010000000000000000000000000000000000000000000
0110000000010000001010000000000000000000000000000000000000000000
1000010100001110010010000010000000000000000000000000000000000000
1001000000000000000000000000000000000001000000000000000000000011
0110000000001110000000000000000000000000000000000000000000110010
1000010100011000001010001010001110000000000000000000000000000000
1110000000000000000000000000000000000000000000000000000000000000
