0110000000000000000000001010000000000000000000000000000001100100
0110000000000000001010001100000000000000000000000000000000000100
0110000000000000001010010000000000000000000000000000000000000000
0010001110001110001010000000000000000000000000000000000000000000
0110000000000000010000010000000000000000000000000000000000000001
0010001110010010010000000000000000000000000000000000000000000000
0110010100001110010010001010000000000000000000000000000000000000
0011010000001110010000000000000000000000000000000000000000000000
0011010000010010001010000000000000000000000000000000000000000000
0110010100010000001100000010000000000000000000000000000000000000
0001000000000000000000000000000000000001000000000000000000000111
0110000000000000001010001010000000000000000000000000000000000001
0110010100001010001100000010000000000000000000000000000000000000
0001000000000000000000000000000000000001000000000000000000001011
1110000000000000000000000000000000000000000000000000000000000000
